		../ds/Itemset//ds_20_10_4_10k
		0.010
			WASMA-wsc ==========
			319.41		7370.30
			369.93		6829.37
			315.43		8815.69
			313.65		7324.59
			309.01		10316.41
			WASMA-ssc ==========
			277.70		1507.54
			280.16		2595.45
			260.40		2626.19
			277.16		2578.56
			280.04		2595.44
			PrefixSpan_AGP ==========
			206.80		1645.41
			211.96		1235.15
			204.62		1213.95
			211.09		1203.60
			209.38		1235.48
			CM-SPADE ==========
			303.62		3105.43
			287.51		6895.50
			313.56		2153.08
			302.50		4154.65
			286.02		6377.72
			CM-SPAM ==========
			302.54		1155.71
			299.71		1155.75
			293.18		1155.74
			294.48		1155.75
			298.51		1155.75
			Fast ==========
			Error: 124
			LAPIN ==========
			208.40		2774.19
			202.03		2835.07
			204.41		2742.00
			206.92		2933.34
			203.74		2834.57
		../ds/Itemset//ds_20_1_4_10k
		0.010
			WASMA-wsc ==========
			0.30		55.05
			0.29		55.05
			0.28		53.13
			0.29		55.04
			0.30		55.05
			WASMA-ssc ==========
			0.26		53.13
			0.25		53.13
			0.25		51.21
			0.25		53.13
			0.24		53.13
			PrefixSpan_AGP ==========
			0.36		31.70
			0.39		32.52
			0.41		33.66
			0.43		33.50
			0.40		33.49
			CM-SPADE ==========
			0.27		65.46
			0.26		64.06
			0.27		63.43
			0.26		65.32
			0.27		63.63
			CM-SPAM ==========
			0.39		97.43
			0.41		97.43
			0.41		97.43
			0.41		97.43
			0.40		97.43
			Fast ==========
			1.54		1144.24
			1.54		1144.17
			1.56		1144.33
			1.48		1144.14
			1.50		1144.18
			LAPIN ==========
			0.41		71.20
			0.41		73.12
			0.41		71.20
			0.41		75.04
			0.42		75.04
		../ds/Itemset//ds_20_4_4_10k
		0.010
			WASMA-wsc ==========
			1.86		68.08
			1.78		65.75
			1.73		65.39
			1.61		76.14
			1.75		65.19
			WASMA-ssc ==========
			1.62		42.10
			1.61		41.53
			1.72		41.44
			1.68		46.00
			1.54		41.76
			PrefixSpan_AGP ==========
			1.52		541.27
			1.54		574.17
			1.60		574.07
			1.57		574.38
			1.56		532.60
			CM-SPADE ==========
			3.11		1143.41
			3.34		690.85
			2.63		1790.41
			2.62		1822.17
			2.59		70.02
			CM-SPAM ==========
			1.57		195.50
			1.58		195.55
			1.58		195.53
			1.60		195.52
			1.58		195.57
			Fast ==========
			7.08		1996.58
			7.07		1964.67
			7.15		3115.08
			7.39		3085.71
			7.17		2954.40
			LAPIN ==========
			1.72		106.16
			1.63		106.72
			1.70		107.88
			1.82		108.00
			1.75		106.51
		../ds/Itemset//ds_20_8_4_10k
		0.010
			WASMA-wsc ==========
			60.57		3755.91
			57.09		4079.47
			58.11		3552.46
			58.83		3079.96
			60.23		3234.87
			WASMA-ssc ==========
			64.09		2087.69
			51.88		2072.21
			61.69		2088.18
			54.16		2073.35
			55.81		2071.12
			PrefixSpan_AGP ==========
			41.63		671.80
			41.16		671.70
			42.35		672.18
			40.40		1247.48
			40.89		95.35
			CM-SPADE ==========
			60.65		898.62
			67.93		2685.56
			68.01		6597.47
			67.51		867.49
			74.75		2946.31
			CM-SPAM ==========
			62.01		1155.64
			64.97		1155.64
			65.43		1155.66
			64.98		1155.65
			66.10		1155.64
			Fast ==========
			Error: 124
			LAPIN ==========
			45.18		2507.00
			44.25		2505.18
			44.93		2506.84
			44.49		2505.35
			45.72		2506.20
