		../ds/Alphabet//ds_100_4_3_10k
		0.001
			WASMA-wsc ==========
			1.39		91.34
			1.29		89.28
			1.18		89.75
			1.32		89.92
			1.28		88.69
			WASMA-ssc ==========
			0.96		85.12
			0.97		82.32
			0.94		83.38
			0.90		85.64
			0.99		84.84
			PrefixSpan_AGP ==========
			2.51		181.40
			2.60		181.38
			2.54		181.43
			2.46		181.19
			2.44		181.31
			CM-SPADE ==========
			4.26		1652.05
			4.46		2022.51
			4.22		2098.23
			4.58		1743.90
			4.60		1847.65
			CM-SPAM ==========
			4.76		1156.84
			4.86		1157.12
			4.75		1156.86
			4.86		1156.83
			4.94		1156.84
			Fast ==========
			Error: 124
			LAPIN ==========
			1.50		65.85
			1.47		66.72
			1.56		65.63
			1.48		65.69
			1.47		66.63
		../ds/Alphabet//ds_10_4_3_10k
		0.001
			WASMA-wsc ==========
			2.05		106.87
			1.57		72.69
			1.65		108.86
			1.57		75.13
			1.60		75.61
			WASMA-ssc ==========
			1.13		240.36
			1.11		240.36
			1.40		240.66
			1.41		241.87
			1.21		242.92
			PrefixSpan_AGP ==========
			3.07		1146.37
			3.06		1146.01
			3.15		1290.72
			3.01		1130.45
			3.01		1130.87
			CM-SPADE ==========
			12.67		1017.49
			12.66		3483.55
			12.71		3287.80
			12.51		2748.53
			12.81		1997.72
			CM-SPAM ==========
			2.70		1155.36
			2.78		1155.32
			2.76		1155.33
			2.75		1155.30
			2.82		1155.35
			Fast ==========
			120.12		23535.28
			119.55		21070.32
			117.64		11487.15
			120.52		9468.83
			116.54		17566.45
			LAPIN ==========
			2.01		160.02
			1.98		165.35
			2.05		160.00
			2.04		167.07
			2.05		160.19
		../ds/Alphabet//ds_16_4_3_10k
		0.001
			WASMA-wsc ==========
			1.65		132.91
			1.60		161.14
			1.49		162.68
			1.54		161.15
			1.64		161.58
			WASMA-ssc ==========
			1.29		173.17
			1.31		173.37
			1.32		169.93
			1.11		173.26
			1.10		172.01
			PrefixSpan_AGP ==========
			2.40		632.22
			2.39		520.65
			2.29		504.41
			2.24		504.46
			2.32		504.42
			CM-SPADE ==========
			9.46		812.58
			9.53		749.28
			9.80		1840.57
			9.47		972.01
			9.34		1104.83
			CM-SPAM ==========
			2.48		1155.31
			2.40		1155.31
			2.44		1155.36
			2.41		1155.35
			2.40		1155.33
			Fast ==========
			166.13		15264.88
			239.90		12998.64
			170.05		14162.70
			174.91		21111.67
			259.89		6354.44
			LAPIN ==========
			1.69		129.30
			1.83		129.37
			1.68		129.58
			1.74		129.30
			1.66		129.36
		../ds/Alphabet//ds_1k_4_3_10k
		0.001
			WASMA-wsc ==========
			0.76		33.61
			0.78		32.76
			0.69		33.82
			0.74		41.28
			0.72		31.67
			WASMA-ssc ==========
			0.69		57.98
			0.67		63.36
			0.71		58.29
			0.71		57.98
			0.70		58.00
			PrefixSpan_AGP ==========
			2.47		842.80
			2.44		842.68
			2.42		840.41
			2.44		842.65
			2.47		842.67
			CM-SPADE ==========
			0.33		240.73
			0.36		238.57
			0.34		238.21
			0.33		240.01
			0.35		238.10
			CM-SPAM ==========
			0.34		40.12
			0.34		39.09
			0.34		39.58
			0.35		39.63
			0.35		39.47
			Fast ==========
			63.25		2805.27
			64.74		1624.58
			60.83		8245.09
			57.48		4149.17
			58.64		6805.16
			LAPIN ==========
			1.40		60.48
			1.33		60.83
			1.34		62.05
			1.33		60.69
			1.32		59.55
		../ds/Alphabet//ds_20_4_3_10k
		0.001
			WASMA-wsc ==========
			1.50		137.84
			1.44		140.40
			1.67		139.20
			1.56		140.29
			1.67		136.34
			WASMA-ssc ==========
			1.18		117.87
			1.30		115.55
			1.14		117.76
			1.15		117.47
			1.61		116.54
			PrefixSpan_AGP ==========
			2.33		519.88
			2.30		519.77
			2.39		519.72
			2.24		520.10
			2.25		519.86
			CM-SPADE ==========
			11.45		389.44
			9.24		490.90
			8.91		5208.29
			10.37		812.09
			8.04		491.42
			CM-SPAM ==========
			2.77		1155.41
			2.75		1155.38
			2.74		1155.37
			3.13		1155.42
			2.83		1155.39
			Fast ==========
			126.13		5508.58
			119.89		4612.77
			162.52		12132.61
			117.46		11236.70
			108.26		9508.62
			LAPIN ==========
			1.54		98.95
			1.53		98.68
			1.54		98.88
			1.59		99.00
			1.55		98.49
		../ds/Alphabet//ds_8_4_3_10k
		0.001
			WASMA-wsc ==========
			1.65		115.05
			1.64		114.91
			1.62		117.13
			1.59		86.82
			1.81		146.22
			WASMA-ssc ==========
			1.35		264.85
			1.30		263.40
			1.32		263.65
			1.34		263.58
			1.51		264.72
			PrefixSpan_AGP ==========
			3.34		284.27
			3.36		124.12
			3.50		1564.55
			3.52		1564.76
			3.25		1564.78
			CM-SPADE ==========
			13.47		1396.16
			13.13		1849.28
			13.18		595.71
			13.31		209.57
			13.24		1361.86
			CM-SPAM ==========
			2.90		1145.78
			2.78		1145.83
			2.87		1145.79
			2.80		1145.83
			2.88		1145.82
			Fast ==========
			111.00		4619.70
			96.53		26687.16
			125.96		22942.81
			105.44		9644.33
			91.27		6155.76
			LAPIN ==========
			2.24		196.00
			2.25		195.90
			2.19		196.32
			2.29		195.89
			2.23		195.59
