		../ds/size//ds_10_2_4_100k
		0.010
			WASMA-wsc ==========
			6.39		487.44
			6.35		490.78
			6.24		483.58
			7.27		533.70
			6.13		483.64
			WASMA-ssc ==========
			6.03		633.02
			6.03		626.01
			6.15		637.78
			6.05		631.11
			6.42		628.02
			PrefixSpan_AGP ==========
			16.55		8370.09
			16.55		344.16
			16.78		8370.80
			16.63		5050.52
			16.74		5049.34
			CM-SPADE ==========
			8.20		1616.93
			8.22		1615.46
			10.13		316.02
			10.56		321.29
			9.12		1613.99
			CM-SPAM ==========
			12.78		1751.54
			13.42		1751.29
			13.08		1751.58
			13.20		1751.36
			12.98		1751.41
			Fast ==========
			130.62		10052.92
			127.18		4680.36
			127.18		3117.72
			127.90		8458.00
			130.35		8847.21
			LAPIN ==========
			15.33		740.92
			16.48		801.75
			15.96		837.79
			15.73		802.71
			15.03		768.48
		../ds/size//ds_10_2_4_10k
		0.010
			WASMA-wsc ==========
			0.83		40.43
			0.89		42.82
			0.87		42.91
			0.87		38.92
			0.86		40.17
			WASMA-ssc ==========
			0.83		63.62
			0.80		61.01
			0.84		65.87
			0.81		62.26
			0.82		61.03
			PrefixSpan_AGP ==========
			1.52		540.52
			1.41		540.51
			1.49		572.21
			1.40		540.96
			1.41		540.61
			CM-SPADE ==========
			0.87		445.11
			0.92		481.75
			0.95		543.10
			0.92		477.78
			0.90		445.54
			CM-SPAM ==========
			1.19		196.54
			1.19		194.61
			1.20		196.54
			1.20		196.56
			1.20		196.53
			Fast ==========
			4.01		1953.18
			3.98		1737.65
			4.00		395.43
			3.98		363.47
			3.96		1953.22
			LAPIN ==========
			1.11		87.54
			1.23		88.34
			1.11		88.10
			1.17		87.55
			1.21		87.49
		../ds/size//ds_10_2_4_1k
		0.010
			WASMA-wsc ==========
			0.22		41.60
			0.22		37.76
			0.22		39.68
			0.22		39.68
			0.22		39.68
			WASMA-ssc ==========
			0.17		35.84
			0.17		32.00
			0.17		30.08
			0.17		32.00
			0.17		32.00
			PrefixSpan_AGP ==========
			0.21		29.41
			0.22		29.30
			0.21		27.08
			0.21		27.07
			0.26		27.04
			CM-SPADE ==========
			0.17		65.63
			0.17		65.68
			0.17		63.88
			0.17		66.09
			0.17		65.85
			CM-SPAM ==========
			0.15		56.48
			0.15		54.56
			0.15		56.48
			0.15		56.48
			0.15		56.48
			Fast ==========
			0.51		80.84
			0.49		80.84
			0.49		80.83
			0.51		80.83
			0.50		80.84
			LAPIN ==========
			0.26		41.12
			0.26		37.28
			0.25		37.28
			0.25		37.28
			0.25		39.20
		../ds/size//ds_10_2_4_1m
		0.010
			WASMA-wsc ==========
			48.50		3842.06
			48.81		4202.94
			49.94		4586.47
			49.64		4336.86
			51.25		4288.67
			WASMA-ssc ==========
			47.52		1382.67
			45.94		1591.99
			47.00		4088.70
			46.87		3714.35
			46.73		3966.08
			PrefixSpan_AGP ==========
			211.27		6504.58
			213.01		4438.73
			215.16		4364.10
			202.16		12956.09
			217.13		29306.21
			CM-SPADE ==========
			66.62		16307.04
			71.71		13941.11
			74.85		45836.20
			73.33		16453.36
			71.67		15758.33
			CM-SPAM ==========
			141.34		7710.84
			141.65		7295.38
			143.19		5182.48
			149.78		7161.45
			146.42		5182.05
			Fast ==========
			Error: 124
			LAPIN ==========
			212.63		5644.81
			220.58		5654.00
			213.28		5669.67
			217.90		5546.46
			223.28		5539.90
