		../ds/sequence//ds_100_4_10_10k
		0.001
			WASMA-wsc ==========
			66.64		4426.65
			59.59		9044.74
			71.29		12669.46
			62.89		22643.46
			65.13		8170.06
			WASMA-ssc ==========
			51.66		2058.16
			42.09		1706.12
			42.85		1354.37
			44.07		1707.37
			51.24		1705.76
			PrefixSpan_AGP ==========
			91.68		2335.79
			88.78		2207.55
			88.34		991.45
			87.63		1135.72
			89.63		2319.69
			CM-SPADE ==========
			288.23		12143.24
			284.94		8510.09
			324.67		5355.01
			306.40		4874.50
			335.82		9395.58
			CM-SPAM ==========
			392.06		1734.38
			400.02		1446.39
			398.63		1446.45
			391.49		1446.39
			399.24		1446.38
			Fast ==========
			Error: 124
			LAPIN ==========
			90.22		2794.67
			91.36		2827.41
			91.73		2794.63
			91.64		2794.63
			90.65		2826.71
		../ds/sequence//ds_100_4_1_10k
		0.001
			WASMA-wsc ==========
			0.69		65.92
			0.69		62.08
			0.68		65.92
			0.70		62.08
			0.69		64.00
			WASMA-ssc ==========
			0.68		56.96
			0.68		60.16
			0.67		58.24
			0.67		58.24
			0.67		56.96
			PrefixSpan_AGP ==========
			0.45		101.56
			0.40		86.72
			0.52		20.59
			0.48		108.13
			0.42		97.98
			CM-SPADE ==========
			0.68		525.69
			0.74		473.78
			0.70		284.17
			0.74		469.90
			0.70		280.89
			CM-SPAM ==========
			0.22		97.43
			0.23		97.43
			0.24		97.43
			0.24		97.43
			0.22		97.43
			Fast ==========
			337.25		3877.98
			334.63		9494.29
			332.30		2038.29
			336.94		11894.31
			338.95		7702.36
			LAPIN ==========
			0.49		86.56
			0.51		88.48
			0.48		88.48
			0.50		88.48
			0.49		88.48
		../ds/sequence//ds_100_4_16_10k
		0.001
			WASMA-wsc ==========
			633.37		48445.16
			641.07		53246.02
			637.09		37989.79
			637.96		61378.73
			642.72		53850.57
			WASMA-ssc ==========
			564.85		1024.03
			561.09		3569.30
			569.15		3888.42
			561.52		3554.81
			570.22		1278.68
			PrefixSpan_AGP ==========
			Error: 124
			CM-SPADE ==========
			Error: 124
			CM-SPAM ==========
			Error: 124
			Fast ==========
			Error: 124
			LAPIN ==========
			Error: 124
		../ds/sequence//ds_100_4_2_10k
		0.001
			WASMA-wsc ==========
			1.30		22.83
			1.17		22.70
			1.15		22.93
			1.49		22.60
			1.21		24.61
			WASMA-ssc ==========
			0.93		64.70
			0.93		62.87
			0.96		60.82
			0.96		62.63
			1.09		62.56
			PrefixSpan_AGP ==========
			1.26		303.92
			1.25		271.68
			1.15		299.74
			1.27		331.77
			1.08		299.35
			CM-SPADE ==========
			1.71		1141.73
			1.72		856.32
			1.68		611.65
			1.73		1081.78
			1.71		1090.76
			CM-SPAM ==========
			0.85		291.08
			0.86		291.05
			0.87		291.08
			0.85		291.06
			0.84		291.02
			Fast ==========
			795.00		1095.70
			801.16		3656.65
			Error: 124
			LAPIN ==========
			0.92		51.64
			0.92		50.16
			0.93		50.59
			0.88		50.71
			0.90		50.11
		../ds/sequence//ds_100_4_4_10k
		0.001
			WASMA-wsc ==========
			2.51		324.34
			2.59		321.69
			2.53		324.16
			2.47		321.95
			2.57		324.30
			WASMA-ssc ==========
			2.21		170.88
			2.33		173.34
			2.32		173.79
			2.25		170.78
			2.23		173.45
			PrefixSpan_AGP ==========
			4.84		675.32
			3.73		947.93
			3.85		659.79
			3.81		659.75
			3.72		947.73
			CM-SPADE ==========
			5.38		4855.77
			4.86		1849.99
			4.60		2193.78
			4.90		1668.40
			4.93		1457.80
			CM-SPAM ==========
			6.50		1156.89
			6.59		1156.93
			6.85		1157.13
			6.62		1156.87
			6.54		1156.98
			Fast ==========
			804.95		10187.73
			799.12		3499.75
			805.15		3131.38
			809.08		3660.79
			808.05		5051.52
			LAPIN ==========
			2.50		98.23
			2.54		98.25
			2.54		96.90
			2.53		96.93
			2.52		96.89
		../ds/sequence//ds_100_4_8_10k
		0.001
			WASMA-wsc ==========
			15.98		4365.93
			15.96		4219.59
			16.71		4423.66
			16.82		4459.87
			16.00		4526.27
			WASMA-ssc ==========
			13.83		1283.88
			13.63		1185.08
			13.62		1185.63
			13.70		578.58
			13.43		673.49
			PrefixSpan_AGP ==========
			24.34		444.05
			24.75		1964.10
			24.44		476.05
			26.50		444.07
			24.20		444.02
			CM-SPADE ==========
			214.08		14058.11
			200.63		1656.94
			183.07		14942.57
			198.81		7698.05
			198.47		8945.94
			CM-SPAM ==========
			71.89		1445.77
			71.74		1445.80
			73.14		1445.76
			70.53		1445.82
			75.39		1445.84
			Fast ==========
			Error: 124
			LAPIN ==========
			26.53		2488.45
			26.08		2487.30
			25.35		2488.84
			26.47		2487.49
			25.00		2424.17
