		../ds/Real//BIBLE.txt
		0.100
			WASMA-wsc ==========
			4.56		1552.80
			4.76		1535.16
			4.57		1540.02
			5.13		1536.28
			4.78		1541.84
			WASMA-ssc ==========
			5.51		1198.48
			5.41		1168.89
			5.19		1155.24
			5.35		1160.90
			5.30		1184.72
			PrefixSpan_AGP ==========
			3.80		774.81
			3.76		774.29
			3.95		744.04
			3.80		782.17
			3.95		815.91
			CM-SPADE ==========
			0.48		6351.73
			0.49		6364.82
			0.48		6315.95
			0.50		6382.98
			0.46		6324.36
			CM-SPAM ==========
			2.09		1762.94
			2.06		1764.25
			2.05		1763.12
			2.06		1763.32
			2.06		1754.65
			Fast ==========
			60.70		8700.65
			71.19		5268.51
			53.19		38044.98
			56.39		4790.53
			55.48		23941.30
			LAPIN ==========
			6.63		1706.89
			6.41		1717.87
			6.55		1727.06
			7.21		1703.21
			6.52		1717.87
		0.010
			WASMA-wsc ==========
			29.25		1848.27
			30.08		5210.17
			29.34		5133.11
			29.25		5121.55
			29.57		5180.55
			WASMA-ssc ==========
			44.63		5637.15
			44.63		5549.85
			44.21		5520.83
			44.42		5611.50
			43.88		5461.18
			PrefixSpan_AGP ==========
			108.42		8036.98
			94.56		4329.86
			94.55		7803.84
			106.71		7804.21
			95.82		9061.52
			CM-SPADE ==========
			32.81		32885.29
			36.55		43913.00
			32.59		44173.53
			34.51		43985.77
			38.55		43801.24
			CM-SPAM ==========
			33.75		11503.25
			35.40		11567.08
			33.19		11565.82
			36.56		11631.38
			36.76		11277.66
			Fast ==========
			122.17		17363.33
			123.76		18261.32
			126.51		20302.48
			146.35		24344.57
			128.24		47596.47
			LAPIN ==========
			131.62		2176.56
			128.20		2187.25
			133.22		2217.17
			128.52		2175.53
			133.21		2168.30
		0.001
			WASMA-wsc ==========
			302.94		10313.06
			289.33		10252.46
			280.13		10798.39
			289.44		12476.83
			289.34		13087.56
			WASMA-ssc ==========
			538.87		6267.49
			544.90		6295.90
			538.90		3454.03
			549.39		6298.75
			539.52		3504.06
			PrefixSpan_AGP ==========
			2298.47		3405.29
			2306.93		3152.95
			2304.36		1265.33
			2318.01		6892.77
			2305.20		8311.09
			CM-SPADE ==========
			3654.45		30705.36
			2859.04		60830.67
			3618.58		40713.28
			3628.78		35142.98
			3570.62		37238.45
			CM-SPAM ==========
			1700.15		12388.53
			1734.74		12210.91
			1692.81		12265.97
			1757.70		12252.55
			1727.02		12355.78
			Fast ==========
			Error: 137
			LAPIN ==========
			1905.62		8968.55
			1855.19		8981.44
			1852.85		8973.34
			1865.35		8956.04
			1908.28		8984.39
		../ds/Real//BMS.txt
		0.100
			WASMA-wsc ==========
			0.74		324.40
			0.73		323.75
			0.74		345.22
			0.74		324.70
			0.74		324.78
			WASMA-ssc ==========
			0.75		324.51
			0.74		326.16
			0.76		325.70
			0.74		323.51
			0.73		323.83
			PrefixSpan_AGP ==========
			0.04		74.04
			0.04		75.26
			0.04		72.81
			0.04		72.82
			0.04		70.49
			CM-SPADE ==========
			0.02		454.18
			0.02		449.77
			0.02		453.95
			0.02		452.35
			0.02		451.56
			CM-SPAM ==========
			0.27		0.00
			0.26		0.00
			0.26		0.00
			0.26		0.00
			0.29		0.00
			Fast ==========
			17.05		9405.21
			16.21		6530.41
			16.26		5763.20
			16.41		1254.34
			16.17		6946.46
			LAPIN ==========
			0.39		59.74
			0.40		58.64
			0.40		61.08
			0.41		60.05
			0.40		58.42
		0.010
			WASMA-wsc ==========
			0.95		421.45
			0.98		416.60
			0.99		421.90
			0.98		421.70
			0.98		423.63
			WASMA-ssc ==========
			0.90		372.73
			0.93		275.27
			0.88		365.83
			0.89		367.43
			0.92		370.50
			PrefixSpan_AGP ==========
			1.07		194.29
			0.99		198.27
			1.01		197.66
			1.02		198.06
			1.03		196.29
			CM-SPADE ==========
			0.11		511.66
			0.11		513.28
			0.12		513.38
			0.11		513.34
			0.11		510.51
			CM-SPAM ==========
			0.33		42.33
			0.31		47.23
			0.35		46.07
			0.30		44.74
			0.32		44.81
			Fast ==========
			18.83		3798.27
			17.93		8963.27
			17.93		8802.98
			18.01		8867.47
			18.73		8980.07
			LAPIN ==========
			1.14		373.82
			1.20		374.45
			1.15		375.95
			1.16		374.80
			1.14		374.15
		0.001
			WASMA-wsc ==========
			3.09		2855.10
			3.09		2851.75
			3.07		2857.42
			3.04		2856.36
			3.02		2854.14
			WASMA-ssc ==========
			1.91		516.42
			1.91		519.79
			2.01		677.97
			1.92		516.81
			1.92		520.62
			PrefixSpan_AGP ==========
			9.01		508.44
			9.06		507.86
			8.92		508.64
			9.09		347.84
			8.97		572.01
			CM-SPADE ==========
			3.48		1229.98
			3.43		1307.31
			3.44		1312.30
			3.44		1263.23
			3.39		1319.92
			CM-SPAM ==========
			1.18		255.09
			1.19		284.09
			1.22		254.91
			1.21		255.10
			1.15		255.63
			Fast ==========
			63.20		5207.61
			64.32		11279.08
			67.53		25376.90
			64.82		13076.54
			65.10		16379.04
			LAPIN ==========
			5.37		628.23
			5.25		626.03
			5.20		638.60
			5.38		628.22
			5.26		629.82
		../ds/Real//LEVIATHAN.txt
		0.100
			WASMA-wsc ==========
			2.24		502.88
			2.16		500.23
			2.11		506.66
			2.11		510.60
			2.15		506.16
			WASMA-ssc ==========
			2.35		470.25
			2.40		469.78
			2.37		475.40
			2.20		467.59
			2.28		469.80
			PrefixSpan_AGP ==========
			2.06		953.77
			2.08		953.30
			2.07		949.55
			2.04		917.95
			2.04		918.14
			CM-SPADE ==========
			0.40		509.73
			0.40		506.37
			0.41		513.32
			0.40		512.43
			0.40		513.73
			CM-SPAM ==========
			0.99		338.53
			0.99		337.09
			1.09		337.63
			0.99		338.25
			1.01		338.51
			Fast ==========
			3.89		1304.78
			3.87		1320.37
			3.79		1212.67
			3.80		1243.77
			3.81		1381.31
			LAPIN ==========
			2.78		359.22
			2.81		361.28
			2.70		359.49
			2.75		358.29
			2.83		359.73
		0.010
			WASMA-wsc ==========
			23.97		2165.69
			24.27		1828.97
			23.21		2370.42
			23.57		2557.50
			23.79		2461.46
			WASMA-ssc ==========
			37.36		2564.66
			36.95		2594.72
			37.57		2631.50
			37.38		2592.78
			37.95		2581.17
			PrefixSpan_AGP ==========
			67.37		1367.51
			69.63		519.31
			68.75		1399.43
			67.93		1911.62
			68.73		646.40
			CM-SPADE ==========
			40.18		6918.29
			29.46		2564.68
			32.34		7380.31
			35.15		4706.61
			40.84		4791.06
			CM-SPAM ==========
			40.52		3837.31
			39.44		3836.85
			40.86		3837.25
			38.94		3837.79
			40.31		3837.59
			Fast ==========
			60.89		10176.36
			63.81		9793.40
			58.00		11448.29
			62.48		13711.66
			73.68		14052.63
			LAPIN ==========
			88.66		1475.21
			89.23		533.78
			88.56		534.14
			87.62		534.75
			89.66		533.27
		0.001
			WASMA-wsc ==========
			522.72		47629.59
			523.92		47177.53
			527.49		46340.29
			527.24		45826.53
			525.58		45377.32
			WASMA-ssc ==========
			791.00		7251.05
			802.81		6720.85
			803.81		3042.25
			814.02		3297.56
			794.82		5216.58
			PrefixSpan_AGP ==========
			2139.23		1211.82
			2222.12		1399.96
			2148.56		1399.98
			2163.24		1335.02
			2250.09		1415.36
			CM-SPADE ==========
			Error: 124
			CM-SPAM ==========
			3915.11		8452.09
			3898.70		8451.99
			3976.39		8389.13
			4036.74		8130.72
			4168.75		21172.86
			Fast ==========
			Error: 137
			LAPIN ==========
			2278.03		7711.51
			2218.55		8001.16
			2239.00		8578.02
			2199.66		8000.19
			2262.66		8191.55
		../ds/Real//The_Education_Henry_Adams.txt
		0.100
			WASMA-wsc ==========
			1.38		379.39
			1.46		378.61
			1.36		375.35
			1.37		378.36
			1.35		374.19
			WASMA-ssc ==========
			1.36		403.71
			1.32		400.76
			1.32		398.42
			1.41		402.16
			1.39		399.92
			PrefixSpan_AGP ==========
			0.72		126.23
			0.63		125.93
			0.67		127.77
			0.65		128.90
			0.65		129.02
			CM-SPADE ==========
			0.20		1365.78
			0.21		1365.99
			0.20		1364.35
			0.20		1362.65
			0.20		1364.01
			CM-SPAM ==========
			0.62		381.70
			0.67		381.69
			0.63		381.38
			0.63		381.77
			0.68		381.80
			Fast ==========
			3.46		1708.10
			3.43		1768.26
			3.57		1466.79
			3.50		1648.22
			3.58		1526.99
			LAPIN ==========
			1.21		372.63
			1.21		373.67
			1.23		376.69
			1.22		374.63
			1.22		374.57
		0.010
			WASMA-wsc ==========
			6.21		727.71
			6.18		730.16
			6.22		727.63
			6.24		758.17
			6.17		726.92
			WASMA-ssc ==========
			9.57		406.67
			9.34		373.23
			9.62		407.99
			9.47		408.87
			9.55		374.59
			PrefixSpan_AGP ==========
			17.47		448.17
			14.89		831.58
			14.80		1407.68
			14.83		222.75
			15.09		1024.30
			CM-SPADE ==========
			10.23		12589.27
			10.41		12621.40
			10.36		12557.60
			10.23		12619.68
			10.34		12811.44
			CM-SPAM ==========
			9.13		3893.65
			8.79		3893.51
			8.85		3893.89
			9.11		3894.35
			8.78		3896.47
			Fast ==========
			20.05		20519.97
			19.95		20151.38
			19.77		19568.08
			19.70		19755.31
			19.72		19754.81
			LAPIN ==========
			21.43		561.14
			20.65		558.78
			21.12		560.78
			20.83		561.15
			21.52		562.99
		0.001
			WASMA-wsc ==========
			115.76		12623.53
			111.81		11281.95
			111.16		11670.29
			112.31		11769.69
			113.73		10745.99
			WASMA-ssc ==========
			186.90		3473.15
			188.30		1521.64
			188.74		3475.92
			186.32		1268.41
			185.87		2355.04
			PrefixSpan_AGP ==========
			412.36		1175.46
			409.15		1559.16
			422.63		2290.95
			408.86		722.86
			406.71		232.20
			CM-SPADE ==========
			927.01		15871.13
			926.75		5457.70
			930.12		10206.76
			938.69		7354.08
			953.25		29454.50
			CM-SPAM ==========
			427.09		8443.72
			436.81		8348.01
			459.67		8731.58
			430.26		8285.40
			425.05		8828.91
			Fast ==========
			Error: 124
			LAPIN ==========
			400.90		4004.41
			402.61		3976.88
			401.11		3976.28
			403.50		4007.20
			402.07		3979.83
		../ds/Real//LastWords.txt
		0.100
			WASMA-wsc ==========
			0.47		95.45
			0.46		95.16
			0.47		95.58
			0.47		95.60
			0.48		94.20
			WASMA-ssc ==========
			0.46		95.53
			0.47		95.89
			0.47		95.59
			0.46		96.02
			0.47		95.11
			PrefixSpan_AGP ==========
			0.19		30.63
			0.19		30.43
			0.19		30.51
			0.18		30.33
			0.18		30.43
			CM-SPADE ==========
			0.06		344.54
			0.09		347.85
			0.06		344.51
			0.06		343.78
			0.06		345.31
			CM-SPAM ==========
			0.24		104.05
			0.23		104.04
			0.23		104.07
			0.23		104.04
			0.22		104.04
			Fast ==========
			1.28		439.04
			1.32		439.00
			1.20		439.02
			1.22		438.99
			1.24		468.21
			LAPIN ==========
			0.41		101.91
			0.40		101.90
			0.40		101.98
			0.40		102.73
			0.40		101.90
		0.010
			WASMA-wsc ==========
			0.98		126.82
			0.89		130.84
			0.85		128.72
			0.88		130.61
			0.89		132.74
			WASMA-ssc ==========
			1.06		127.51
			0.99		131.50
			0.96		129.70
			0.99		130.47
			0.98		130.73
			PrefixSpan_AGP ==========
			1.10		198.17
			1.13		172.73
			1.17		173.34
			1.17		230.48
			1.05		362.62
			CM-SPADE ==========
			0.51		451.24
			0.49		453.25
			0.51		452.70
			0.51		451.59
			0.51		452.21
			CM-SPAM ==========
			0.62		124.96
			0.64		124.93
			0.64		124.98
			0.63		124.97
			0.61		124.99
			Fast ==========
			2.36		1085.82
			2.37		1085.93
			2.37		1054.14
			2.39		1085.82
			2.34		1054.06
			LAPIN ==========
			1.36		115.81
			1.34		115.81
			1.30		114.32
			1.38		114.36
			1.35		114.52
		0.001
			WASMA-wsc ==========
			3.46		381.45
			3.41		374.49
			3.61		379.41
			3.42		371.32
			3.31		384.31
			WASMA-ssc ==========
			4.50		561.12
			4.49		561.09
			4.40		559.66
			4.37		560.55
			4.38		560.83
			PrefixSpan_AGP ==========
			13.26		1502.09
			13.12		1598.39
			13.03		590.41
			12.65		1070.88
			12.79		1358.68
			CM-SPADE ==========
			22.95		10992.26
			22.44		11965.20
			22.54		16179.58
			26.62		11742.08
			21.88		12252.88
			CM-SPAM ==========
			11.09		2463.24
			11.16		2462.03
			11.24		2430.58
			11.15		2270.41
			11.04		2430.68
			Fast ==========
			178.57		26699.73
			172.49		16166.96
			158.79		10537.88
			175.45		13494.58
			178.91		9856.33
			LAPIN ==========
			14.70		182.82
			14.73		184.23
			15.15		182.94
			15.07		183.36
			15.17		183.04
		../ds/Real//kosarak25.txt
		0.100
			WASMA-wsc ==========
			0.81		252.94
			0.78		258.89
			0.78		257.32
			0.78		255.16
			0.82		252.62
			WASMA-ssc ==========
			0.80		254.04
			0.80		255.91
			0.78		252.15
			0.78		256.77
			0.79		254.78
			PrefixSpan_AGP ==========
			0.16		121.22
			0.16		120.41
			0.16		120.41
			0.16		121.21
			0.16		120.53
			CM-SPADE ==========
			0.07		4431.82
			0.06		4397.85
			0.06		4318.03
			0.06		4417.66
			0.06		4409.82
			CM-SPAM ==========
			0.63		445.44
			0.56		445.56
			0.59		446.18
			0.60		444.73
			0.56		445.70
			Fast ==========
			12.00		6140.74
			12.14		3473.32
			11.09		5272.93
			11.95		10731.42
			11.13		5116.02
			LAPIN ==========
			0.70		265.68
			0.69		266.20
			0.72		267.54
			0.73		266.55
			0.71		268.18
		0.010
			WASMA-wsc ==========
			1.19		376.84
			1.13		380.88
			1.18		376.15
			1.16		376.46
			1.16		376.70
			WASMA-ssc ==========
			1.20		384.22
			1.26		381.11
			1.19		385.50
			1.21		385.14
			1.21		384.67
			PrefixSpan_AGP ==========
			1.04		203.33
			1.03		208.66
			0.93		195.82
			1.01		198.66
			1.01		239.49
			CM-SPADE ==========
			0.21		4635.55
			0.20		4595.61
			0.20		4600.16
			0.21		4934.53
			0.21		4635.49
			CM-SPAM ==========
			0.85		505.05
			0.86		505.95
			0.85		505.28
			0.88		504.95
			0.85		504.38
			Fast ==========
			12.06		6812.22
			13.29		5633.48
			13.55		6284.54
			13.35		6267.98
			12.25		8691.84
			LAPIN ==========
			2.39		483.34
			2.32		482.91
			2.20		480.57
			2.24		485.30
			2.24		482.29
		0.001
			WASMA-wsc ==========
			9.32		2444.45
			9.30		2319.24
			9.49		2287.02
			9.43		2381.48
			9.45		2349.73
			WASMA-ssc ==========
			Error: 124
			PrefixSpan_AGP ==========
			Error: 124
			CM-SPADE ==========
			Error: 124
			CM-SPAM ==========
			341.92		7890.23
			346.64		8166.29
			350.87		7826.54
			339.21		8050.92
			334.00		8272.86
			Fast ==========
			Error: 137
			LAPIN ==========
			Error: 124
