		../ds/new//MSNBC.txt
		0.500
			WASMA-wsc ==========
			1.16		362.38
			1.16		368.82
			1.14		360.81
			1.16		360.48
			1.16		356.80
			WASMA-ssc ==========
			1.49		358.26
			1.41		360.65
			1.16		359.34
			1.45		358.60
			1.14		362.39
			PrefixSpan_AGP ==========
			0.53		214.28
			0.55		212.55
			0.55		214.32
			0.55		214.15
			0.54		213.86
			CM-SPADE ==========
			0.14		113.62
			0.15		109.91
			0.15		111.98
			0.15		111.69
			0.14		111.90
			CM-SPAM ==========
			0.40		103.05
			0.43		104.23
			0.47		100.69
			0.46		104.34
			0.47		104.62
			Fast ==========
			21.59		1499.96
			21.12		2076.13
			21.61		2139.59
			21.78		2139.67
			21.02		1500.11
			LAPIN ==========
			0.72		123.96
			0.72		123.59
			0.68		124.00
			0.67		124.04
			0.68		121.23
		0.200
			WASMA-wsc ==========
			2.04		428.99
			2.07		433.47
			2.05		434.19
			2.09		429.48
			2.57		432.27
			WASMA-ssc ==========
			2.14		458.78
			2.09		459.59
			2.00		463.42
			2.16		490.77
			2.04		462.81
			PrefixSpan_AGP ==========
			2.66		650.57
			2.71		673.89
			2.69		192.35
			2.67		645.08
			2.65		652.18
			CM-SPADE ==========
			0.46		265.02
			0.44		262.35
			0.45		265.11
			0.56		265.17
			0.47		263.94
			CM-SPAM ==========
			0.77		104.99
			0.80		105.06
			0.72		103.09
			0.76		101.43
			0.74		101.35
			Fast ==========
			21.30		3067.41
			21.92		2875.92
			21.38		1020.13
			21.55		700.19
			21.18		5978.11
			LAPIN ==========
			1.73		159.67
			1.73		160.19
			1.79		161.26
			1.97		163.60
			1.74		161.38
		0.100
			WASMA-wsc ==========
			3.26		515.38
			3.24		509.07
			3.37		511.58
			3.43		392.43
			3.14		507.34
			WASMA-ssc ==========
			3.26		422.20
			3.23		417.85
			3.24		419.60
			3.30		424.16
			3.21		422.68
			PrefixSpan_AGP ==========
			6.66		3246.76
			6.61		3240.71
			6.71		3240.05
			6.64		3247.41
			6.69		3241.30
			CM-SPADE ==========
			0.86		449.01
			0.84		444.85
			0.82		481.23
			0.83		445.55
			0.84		455.98
			CM-SPAM ==========
			1.44		254.15
			1.42		252.05
			1.46		252.35
			1.48		254.08
			1.45		254.23
			Fast ==========
			21.78		1547.58
			21.96		5610.10
			21.75		5674.38
			22.09		5162.57
			22.41		1516.13
			LAPIN ==========
			3.69		236.05
			3.81		236.04
			3.63		235.08
			3.61		236.31
			3.52		234.93
		0.050
			WASMA-wsc ==========
			5.97		504.28
			5.65		813.62
			6.09		687.41
			5.70		812.52
			5.77		811.27
			WASMA-ssc ==========
			5.41		510.81
			5.53		828.79
			5.52		514.52
			5.66		799.10
			5.63		835.99
			PrefixSpan_AGP ==========
			12.69		1072.52
			12.57		884.69
			12.55		1291.47
			12.53		2252.79
			12.89		1782.82
			CM-SPADE ==========
			2.95		2964.42
			3.02		2417.75
			2.97		2334.07
			2.97		2418.58
			2.93		2394.46
			CM-SPAM ==========
			3.94		517.96
			3.84		524.68
			3.95		524.70
			3.87		524.68
			3.89		524.75
			Fast ==========
			23.36		5801.68
			23.49		5194.95
			22.84		4523.10
			23.55		6090.34
			23.17		2699.71
			LAPIN ==========
			7.77		285.48
			8.00		288.56
			7.81		284.84
			7.87		284.40
			8.01		285.45
		0.020
			WASMA-wsc ==========
			11.90		771.18
			11.85		896.65
			12.55		988.23
			12.29		1065.22
			12.11		864.54
			WASMA-ssc ==========
			13.94		705.92
			13.80		708.76
			14.17		707.60
			13.68		769.10
			13.88		677.98
			PrefixSpan_AGP ==========
			30.52		4826.78
			29.47		2851.00
			29.88		5036.08
			29.95		4714.02
			29.20		2995.19
			CM-SPADE ==========
			11.94		4347.72
			12.28		1196.66
			11.92		3867.65
			11.98		3922.51
			12.03		4215.55
			CM-SPAM ==========
			12.32		1160.11
			12.27		1160.16
			12.11		1160.40
			12.31		1159.99
			12.39		1160.40
			Fast ==========
			31.86		2711.14
			32.16		3914.38
			32.22		2883.77
			31.91		6314.73
			32.22		5418.39
			LAPIN ==========
			22.01		1029.24
			21.59		935.31
			22.32		965.42
			21.75		935.75
			22.34		965.50
		0.010
			WASMA-wsc ==========
			24.15		1012.79
			25.05		1259.25
			24.88		1440.78
			25.31		2942.48
			24.60		3034.81
			WASMA-ssc ==========
			27.58		1732.77
			27.30		2181.04
			27.16		1636.21
			28.92		5575.12
			27.43		1604.92
			PrefixSpan_AGP ==========
			65.91		2996.24
			65.35		3972.85
			65.05		4262.01
			66.46		672.01
			67.72		2308.91
			CM-SPADE ==========
			45.54		693.15
			46.07		1905.49
			45.16		5845.34
			45.74		3919.56
			45.69		1127.66
			CM-SPAM ==========
			30.37		1161.20
			31.94		1160.63
			31.30		1160.44
			31.49		1161.18
			31.14		1161.24
			Fast ==========
			64.41		12975.29
			66.07		11966.66
			66.65		12235.53
			64.77		12243.46
			64.06		12648.63
			LAPIN ==========
			47.30		2483.70
			51.69		2098.92
			47.73		2483.77
			47.59		2580.13
			47.78		2642.98
		0.005
			WASMA-wsc ==========
			73.25		2531.84
			68.18		5965.92
			69.04		2425.71
			64.24		2469.59
			65.53		4518.29
			WASMA-ssc ==========
			73.12		4346.94
			77.68		4483.69
			68.22		613.04
			81.61		5891.12
			70.24		2321.26
			PrefixSpan_AGP ==========
			207.97		1727.38
			197.75		1712.12
			196.29		2960.72
			203.53		5393.28
			195.54		1713.12
			CM-SPADE ==========
			285.24		1565.55
			292.05		6272.14
			298.06		5923.19
			301.93		5806.50
			298.75		5285.14
			CM-SPAM ==========
			106.26		1163.52
			105.59		1163.69
			111.36		1451.61
			106.42		1451.22
			109.75		1803.68
			Fast ==========
			314.37		75312.37
			333.52		75366.49
			Error: 137
			LAPIN ==========
			117.09		2484.02
			119.58		2482.88
			115.78		2484.02
			117.44		2483.82
			115.61		2387.45
		0.002
			WASMA-wsc ==========
			644.13		29748.72
			WASMA-ssc ==========
			673.71		5609.41
			PrefixSpan_AGP ==========
			2414.01		1620.93
			CM-SPADE ==========
			Error: 124
			CM-SPAM ==========
			1664.12		1228.84
			Fast ==========
			Error: 137
			LAPIN ==========
			1016.62		2484.16						
===================================================================
		../ds/new//ds_4_4_4_100k
		0.500
			WASMA-wsc ==========
			0.80		48.05
			0.86		48.54
			0.80		47.33
			0.77		49.57
			0.78		48.37
			WASMA-ssc ==========
			0.73		44.57
			0.80		45.89
			0.76		44.41
			0.73		44.34
			0.74		44.61
			PrefixSpan_AGP ==========
			2.21		252.07
			1.85		257.99
			1.81		226.60
			1.59		227.35
			1.59		255.90
			CM-SPADE ==========
			0.63		300.87
			0.61		298.18
			0.58		297.52
			0.64		288.93
			0.59		299.56
			CM-SPAM ==========
			0.81		54.40
			0.72		54.25
			0.73		54.41
			0.70		54.58
			0.70		54.26
			Fast ==========
			19.874		2325.99
			LAPIN ==========
			2.12		279.84
			1.88		268.86
			1.88		280.63
			2.11		251.63
			1.89		278.87
		0.200
			WASMA-wsc ==========
			1.08		62.30
			1.14		65.97
			1.16		62.12
			1.06		64.41
			1.06		62.16
			WASMA-ssc ==========
			1.02		40.65
			1.02		42.75
			1.05		42.42
			1.03		41.11
			1.03		42.67
			PrefixSpan_AGP ==========
			8.04		4247.18
			8.29		4247.54
			7.98		4252.36
			10.49		4251.43
			8.04		4251.49
			CM-SPADE ==========
			1.92		389.82
			1.99		324.99
			1.92		509.83
			2.02		381.32
			1.97		345.67
			Fast ==========
			24.26		3061.22
			CM-SPAM ==========
			2.49		342.39
			2.48		342.39
			2.62		342.46
			2.56		305.48
			2.50		342.37
			LAPIN ==========
			7.42		506.31
			7.33		509.23
			7.21		472.93
			7.33		503.19
			7.55		507.88
		0.100
			WASMA-wsc ==========
			1.51		125.78
			1.57		125.83
			1.51		124.72
			1.62		125.77
			1.68		128.76
			WASMA-ssc ==========
			1.51		212.98
			1.47		214.96
			1.77		212.95
			1.54		214.97
			1.54		214.49
			PrefixSpan_AGP ==========
			16.12		4059.16
			15.81		4047.35
			18.71		4017.93
			19.39		4045.41
			21.50		4046.84
			CM-SPADE ==========
			10.87		1330.32
			8.47		4705.61
			6.85		1894.93
			6.71		3285.76
			6.79		4968.84
			CM-SPAM ==========
			6.97		988.87
			6.89		988.86
			7.03		1024.45
			7.17		988.89
			6.98		1024.52
			Fast ==========
			29.38		4798.9
			LAPIN ==========
			16.11		1097.51
			15.24		1096.58
			14.23		1096.98
			15.71		1097.72
			14.86		1097.78
		0.050
			WASMA-wsc ==========
			2.04		267.37
			1.85		266.62
			2.05		268.83
			1.92		266.66
			1.98		266.96
			WASMA-ssc ==========
			1.94		175.65
			2.05		181.05
			1.97		175.56
			2.16		175.66
			1.98		175.64
			PrefixSpan_AGP ==========
			25.93		5593.93
			29.87		5678.28
			25.67		5667.36
			25.00		5592.45
			24.68		5367.37
			CM-SPADE ==========
			18.03		2606.48
			17.01		6955.73
			16.39		11795.54
			16.07		3850.18
			20.03		4064.93
			CM-SPAM ==========
			10.67		1162.56
			10.96		1158.28
			11.01		1164.42
			11.08		1164.30
			10.85		1158.36
			Fast ==========
			49.22		3202.35
			LAPIN ==========
			25.75		2381.34
			24.75		2381.01
			25.21		2381.23
			27.94		2382.05
			25.34		2385.43
		0.020
			WASMA-wsc ==========
			2.34		152.64
			2.26		157.05
			2.22		127.15
			2.22		121.70
			2.41		152.13
			WASMA-ssc ==========
			2.28		299.00
			2.34		303.56
			2.23		303.83
			2.19		303.66
			2.29		298.89
			PrefixSpan_AGP ==========
			29.30		3637.77
			31.68		5530.10
			30.41		1271.12
			30.12		3614.52
			29.24		2706.66
			CM-SPADE ==========
			23.84		1716.96
			24.08		1158.12
			25.70		6250.99
			23.78		5026.27
			34.96		1369.51
			CM-SPAM ==========
			16.47		1317.87
			16.73		1350.50
			16.80		1334.56
			16.38		1317.78
			16.20		1317.83
			Fast ==========
			67.11		5497.51
			LAPIN ==========
			35.12		2681.30
			34.97		2647.30
			35.33		2610.66
			43.83		3336.24
			43.01		2618.25
		0.010
			WASMA-wsc ==========
			3.33		135.67
			3.28		129.03
			3.09		128.52
			3.26		128.66
			3.00		285.30
			WASMA-ssc ==========
			3.01		551.16
			3.10		555.09
			3.01		550.97
			2.91		555.58
			2.99		550.62
			PrefixSpan_AGP ==========
			47.55		934.50
			42.31		933.95
			40.92		932.66
			41.65		929.75
			49.69		976.47
			CM-SPADE ==========
			77.12		13205.02
			78.52		5968.12
			73.42		1557.94
			88.30		10664.56
			82.38		13388.04
			CM-SPAM ==========
			29.10		1702.76
			29.20		1670.22
			29.20		1702.64
			29.11		1734.50
			28.25		1670.65
			Fast ==========
			131.30		7830.84
			LAPIN ==========
			45.52		2609.04
			46.97		2708.66
			46.09		2706.84
			46.10		2644.38
			46.05		2611.36
		0.005
			WASMA-wsc ==========
			3.07		287.33
			3.18		285.83
			2.93		286.35
			3.09		286.69
			3.02		286.12
			WASMA-ssc ==========
			3.03		674.10
			3.23		674.72
			3.08		670.01
			3.08		674.41
			3.03		674.36
			PrefixSpan_AGP ==========
			58.08		4410.27
			45.11		4406.29
			56.50		4407.89
			44.92		4407.05
			50.11		4413.25
			CM-SPADE ==========
			112.16		3470.86
			128.57		665.25
			136.86		5512.59
			134.61		8590.37
			116.38		2343.03
			CM-SPAM ==========
			33.75		1734.62
			35.91		1798.70
			33.56		1734.85
			34.15		1638.78
			34.30		1734.75
			Fast ==========
			263.07		22529.56
			LAPIN ==========
			54.86		2614.76
			57.67		5949.53
			56.09		2647.38
			56.36		2615.48
			55.23		2616.01
		0.002
			WASMA-wsc ==========
			3.14		310.98
			3.20		317.73
			3.00		317.96
			3.00		456.77
			3.22		311.28
			WASMA-ssc ==========
			3.15		693.34
			3.03		692.99
			3.17		688.80
			3.06		692.92
			2.98		697.57
			PrefixSpan_AGP ==========
			50.57		7248.91
			46.80		7247.15
			46.49		7247.17
			46.76		7247.82
			45.49		4398.13
			CM-SPADE ==========
			173.59		11629.06
			138.46		1615.65
			141.94		13483.60
			137.92		7770.95
			138.26		6595.64
			CM-SPAM ==========
			34.48		1670.36
			35.19		1638.75
			34.65		1734.94
			34.90		1830.94
			34.73		1638.95
			Fast ==========
			346.49		28325.00
			LAPIN ==========
			58.85		2615.54
			59.05		2617.12
			57.74		2487.42
			59.46		6813.01
			58.74		2679.18
		0.001
			WASMA-wsc ==========
			2.98		317.04
			3.31		317.38
			3.02		311.11
			3.14		318.82
			3.17		311.21
			WASMA-ssc ==========
			3.23		697.48
			3.07		692.92
			3.11		688.65
			3.01		693.17
			3.09		693.16
			PrefixSpan_AGP ==========
			60.20		7532.12
			53.38		4574.28
			46.81		7559.17
			56.16		7569.39
			46.62		7572.33
			CM-SPADE ==========
			138.61		8568.62
			174.75		7915.93
			144.17		8853.23
			164.96		4479.17
			143.18		15392.97
			CM-SPAM ==========
			35.34		1830.75
			35.72		1670.76
			34.62		1702.59
			35.10		1735.05
			34.43		1670.63
			Fast ==========
			359.80		22970.30
			LAPIN ==========
			59.37		2617.26
			59.65		2713.92
			60.78		6846.72
			58.27		2680.95
			60.54		6847.12